,rem-float/2addr,long-to-int,rem-int/2addr,array-length,div-int/lit8,sub-float/2addr,move,if-eqz,and-int/lit8,and-int,int-to-long,filled-new-array,invoke-interface/range,mul-int/lit8,int-to-short,sparse-switch,return-wide,xor-int/lit8,const,sput-object,if-le,add-long/2addr,float-to-double,iget-byte,iget-boolean,mul-float,iput-byte,if-lt,invoke-direct/range,sub-long/2addr,neg-float,return,rem-int/lit8,sub-long,iput,const-string,iput-object,float-to-int,fill-array-data,aput,ushr-int/lit8,aget-boolean,div-long/2addr,sput,nop,or-int,new-array,shr-long,sget-object,if-gt,fill-array-data-payload,const-wide/32,rsub-int,and-long/2addr,return-object,if-ge,aput-byte,move-wide/from16,xor-int,if-gez,filled-new-array/range,long-to-double,invoke-super/range,aput-wide,const/4,instance-of,shl-long,double-to-long,iput-char,and-int/lit16,aput-object,iput-wide,move-wide,int-to-float,div-int,add-int/lit8,invoke-super,sub-double,sub-double/2addr,rsub-int/lit8,and-long,const/16,cmpl-float,goto,mul-double,or-long/2addr,add-double/2addr,and-int/2addr,int-to-double,iput-boolean,add-long,if-eq,not-int,move-exception,cmp-long,throw,div-double,div-double/2addr,goto/16,sget-wide,sput-boolean,invoke-static/range,move-object,sput-wide,sparse-switch-payload,return-void,ushr-long,packed-switch,invoke-static,long-to-float,double-to-float,aget-byte,div-int/lit16,add-float,iget,shl-int/2addr,sub-float,add-int/lit16,add-float/2addr,shl-long/2addr,aget-wide,packed-switch-payload,rem-int,move/from16,move-result-object,shr-long/2addr,or-long,not-long,move-result-wide,invoke-interface,aget,add-int/2addr,iget-short,rem-long/2addr,if-lez,invoke-direct,aget-char,sub-int/2addr,const/high16,iget-wide,mul-long,rem-long,if-ltz,iput-short,or-int/lit8,sget,if-gtz,const-wide/high16,iget-char,div-int/2addr,const-class,aget-object,check-cast,aput-boolean,aput-char,const-wide/16,shr-int/2addr,ushr-int,div-long,cmpl-double,move-object/from16,if-ne,cmpg-double,xor-long/2addr,monitor-enter,add-double,mul-int/lit16,sget-boolean,neg-long,neg-double,invoke-virtual,xor-int/2addr,invoke-virtual/range,div-float/2addr,rem-double/2addr,int-to-byte,shr-int/lit8,double-to-int,new-instance,move-result,mul-int,shl-int,sub-int,cmpg-float,rem-int/lit16,ushr-long/2addr,monitor-exit,div-float,shl-int/lit8,iget-object,int-to-char,or-int/lit16,if-nez,const-wide,add-int,neg-int,or-int/2addr,float-to-long,class
0,15,155,11,1348,165,481,2335,17058,438,31,451,60,77,208,22,46,478,94,760,1837,433,204,592,2,2862,1085,2,1871,595,145,102,9559,23,45,8418,13505,9711,506,356,1302,53,49,10,54,209,21,2480,1,5321,334,356,55,18,54,11337,2575,99,119,1,487,22,16,21,198,27280,1254,10,13,33,224,2180,537,207,1304,10,3787,1290,87,185,8,7,5830,597,15059,496,30,191,267,72,2971,25,3422,41,2213,565,3470,32,107,1844,24,112,359,3674,14,46,18079,19,220,20007,27,300,146,7,72,12761,16,190,17,763,41,328,220,9,1516,30484,3,10,4,1522,9588,1356,1867,4,1,1112,20743,68,1447,1450,720,20,2,671,6,39,3470,241,173,24,58,644,1653,6461,44,30,755,7,3,5,109,1527,3731,98,16,663,49,7,280,9,26,61180,100,1304,566,13,108,107,49,12141,25482,99,19,355,246,4,6,1548,140,183,37470,19,21,8217,222,194,208,342,6,0
