,rem-float/2addr,mul-float/2addr,rem-int/2addr,array-length,div-int/lit8,sub-float/2addr,move,if-eqz,and-int/lit8,and-int,int-to-long,filled-new-array,invoke-interface/range,mul-int/lit8,int-to-short,sparse-switch,return-wide,xor-int/lit8,const,sput-object,if-le,add-long/2addr,float-to-double,iget-byte,iget-boolean,mul-float,add-int/2addr,iput-byte,if-lt,invoke-direct/range,sub-long/2addr,neg-float,return,rem-int/lit8,const/high16,iput,const-string,iput-object,cmpg-float,if-nez,aput,ushr-int/lit8,move-result,div-long/2addr,sput,nop,or-int,new-array,sget-object,sput-byte,if-gt,fill-array-data-payload,const-wide/32,mul-long/2addr,rsub-int,sub-double/2addr,return-object,long-to-int,if-ge,aput-byte,move-wide/from16,sput-char,if-gez,filled-new-array/range,long-to-double,invoke-super/range,aput-wide,or-int/lit16,const/4,instance-of,shl-long,double-to-long,iput-char,and-int/lit16,aput-object,iput-wide,move-wide,const-wide/high16,div-int,add-int/lit8,invoke-super,sub-double,and-long/2addr,rsub-int/lit8,and-long,const/16,cmpl-float,goto,mul-double,or-long/2addr,mul-int/2addr,cmp-long,and-int/2addr,int-to-double,iput-boolean,add-long,if-eq,not-int,shr-long,add-double/2addr,throw,div-double,ushr-int/2addr,sget-char,div-double/2addr,const-wide/16,sget-wide,sput-boolean,invoke-static/range,xor-long,move-object,sput-wide,sparse-switch-payload,return-void,const-string/jumbo,ushr-long,invoke-static,long-to-float,double-to-float,aget-byte,div-int/lit16,add-float,iget,shl-int/2addr,sub-float,add-int/lit16,add-float/2addr,shl-long/2addr,aget-wide,packed-switch-payload,rem-int,move/from16,move-result-object,shr-long/2addr,or-long,not-long,move-result-wide,invoke-interface,aget,monitor-enter,aget-boolean,iget-short,rem-long/2addr,if-lez,invoke-direct,aget-char,sub-int/2addr,sub-long,iget-wide,mul-long,rem-long,if-ltz,iput-short,or-int/lit8,sget,aput-short,if-gtz,int-to-float,iget-char,div-int/2addr,const-class,aget-object,check-cast,aput-boolean,aput-char,sget-byte,goto/16,shr-int/2addr,ushr-int,div-long,cmpl-double,move-object/from16,if-ne,shr-int/lit8,xor-long/2addr,move-exception,sub-int,add-double,mul-int/lit16,sget-boolean,shr-int,neg-long,neg-double,invoke-virtual,xor-int/2addr,invoke-virtual/range,div-float/2addr,mul-double/2addr,rem-double/2addr,int-to-byte,xor-int/lit16,double-to-int,new-instance,packed-switch,mul-int,shl-int,or-int/2addr,float-to-int,rem-int/lit16,ushr-long/2addr,monitor-exit,div-float,shl-int/lit8,iget-object,int-to-char,cmpg-double,aget-short,fill-array-data,const-wide,add-int,neg-int,xor-int,float-to-long,class
0,7,543,51,3677,307,240,7866,24503,1187,87,956,178,222,592,86,17,1520,155,982,5142,655,480,207,81,2574,83,2722,43,2286,1028,187,52,13169,96,908,4635,39438,12265,146,10906,1773,94,36700,77,87,149,22,4302,9942,2,1035,1033,157,98,18,36,22828,314,4128,173,288,1,793,37,79,28,117,48,33935,2074,6,24,39,384,4951,825,371,205,40,7677,1250,23,196,71,14,10510,298,21015,57,59,344,906,582,172,2334,52,3665,44,24,150,5359,32,11,13,115,1526,60,123,689,20,8085,32,17,25261,1478,74,52119,16,122,443,20,48,8690,75,110,46,446,53,513,164,21,1368,63824,29,7,3,4142,21075,1935,814,219,86,20,1338,33397,259,1370,78,1381,11,5,1162,45,158,3007,21,316,723,48,78,2070,2471,14700,91,65,2,1533,14,5,22,88,2762,3532,171,93,3842,406,22,29,211,12,26,8,86423,333,2214,306,122,5,241,3,65,20897,164,85,95,398,313,23,15,1892,45,332,36289,147,77,198,1033,249,344,125,23,4,1
