,rem-float/2addr,long-to-int,rem-int/2addr,array-length,div-int/lit8,sub-float/2addr,move,if-eqz,and-int/lit8,and-int,int-to-long,shr-int,invoke-interface/range,mul-int/lit8,int-to-short,sparse-switch,return-wide,xor-int/lit8,const,sput-object,if-le,add-long/2addr,float-to-double,iget-byte,iget-boolean,mul-float,iput-byte,if-lt,invoke-direct/range,move-wide/from16,sub-long/2addr,neg-float,return,neg-double,sub-long,iput,const-string,iput-object,cmpg-float,if-nez,aput,ushr-int/lit8,move-result,iget-wide,sput,nop,or-int,new-array,sget-object,sput-byte,if-gt,fill-array-data-payload,const-wide/32,rsub-int,sub-double/2addr,return-object,if-ge,aput-byte,filled-new-array,if-gez,div-float/2addr,long-to-double,invoke-super/range,aput-wide,or-int/lit16,const/4,neg-int,instance-of,shl-long,double-to-long,iput-char,and-int/lit16,aput-object,iput-wide,move-wide,int-to-float,div-int,add-int/lit8,invoke-super,sub-double,and-long/2addr,rsub-int/lit8,and-long,const/16,cmpl-float,goto,mul-double,cmp-long,and-int/2addr,int-to-double,iput-boolean,add-long,if-eq,not-int,shr-long,add-double/2addr,throw,div-double,ushr-int/2addr,div-double/2addr,const-wide/16,sget-wide,sput-boolean,invoke-static/range,xor-long,move-object,sput-wide,sparse-switch-payload,return-void,ushr-long,invoke-static,long-to-float,double-to-float,aget-byte,div-int/lit16,add-float,iget,shl-int/2addr,sub-float,add-int/lit16,add-float/2addr,shl-long/2addr,aget-wide,packed-switch-payload,rem-int,move/from16,move-result-object,shr-long/2addr,or-long,not-long,move-result-wide,invoke-interface,aput-boolean,add-int/2addr,aget-boolean,iget-short,rem-long/2addr,if-lez,invoke-direct,aget-char,const/high16,div-long/2addr,mul-long,rem-long,if-ltz,iput-short,or-int/lit8,sget,aput-short,sub-int/2addr,const-wide/high16,iget-char,div-int/2addr,const-class,aget-object,check-cast,aget,aput-char,sget-byte,goto/16,shr-int/2addr,ushr-int,div-long,cmpl-double,if-gtz,if-ne,shr-int/lit8,xor-long/2addr,move-exception,sub-int,add-double,mul-int/lit16,sget-boolean,monitor-enter,neg-long,rem-int/lit8,invoke-virtual,move-object/from16,xor-int/2addr,invoke-virtual/range,filled-new-array/range,rem-double/2addr,int-to-byte,double-to-int,new-instance,packed-switch,mul-int,shl-int,or-int/2addr,float-to-int,rem-int/lit16,ushr-long/2addr,monitor-exit,div-float,shl-int/lit8,iget-object,int-to-char,cmpg-double,aget-short,fill-array-data,const-wide,add-int,or-long/2addr,xor-int,float-to-long,class
0,9,477,31,1848,185,258,2951,33251,716,29,1017,6,277,946,56,102,1283,185,1851,4408,669,557,321,142,5015,830,102,1227,1485,665,504,50,14227,14,211,9013,35588,18561,186,14942,1191,48,43252,3294,107,299,18,4020,11258,5,560,699,337,11,40,18554,3511,168,95,588,496,106,29,151,26,44918,196,1932,24,43,39,486,4983,2228,892,1253,18,5253,1816,31,170,72,35,9579,525,25038,260,2024,428,166,4371,88,5002,44,43,93,3980,20,6,141,2059,26,149,870,25,6832,35,102,32900,77,48262,72,191,657,20,42,14760,69,90,26,492,124,306,206,11,3049,64402,10,31,6,4273,19577,70,3281,85,3,8,1838,37626,25,1635,178,268,11,867,5,73,2526,9,1794,269,49,186,1428,1784,10740,1367,19,6,2756,59,12,30,88,420,6839,182,59,4059,507,32,61,278,1165,21,27,107125,3763,254,1929,44,3,190,92,22755,206,412,50,443,524,3,5,2661,69,229,63733,46,64,14,699,827,276,163,6,19,1
