,android.permission.ACCESS_COARSE_LOCATION,android.permission.ACCESS_FINE_LOCATION,android.permission.INTERNET,android.permission.READ_EXTERNAL_STORAGE,android.permission.WRITE_EXTERNAL_STORAGE,android.permission.CAMERA,android.permission.DOWNLOAD_WITHOUT_NOTIFICATION,android.permission.USE_BIOMETRIC,android.permission.VIBRATE,android.permission.ACCESS_NETWORK_STATE,android.permission.USE_FINGERPRINT,android.permission.WAKE_LOCK,com.google.android.c2dm.permission.RECEIVE,android.permission.RECEIVE_BOOT_COMPLETED,android.permission.FOREGROUND_SERVICE,com.google.android.finsky.permission.BIND_GET_INSTALL_REFERRER_SERVICE,com.google.android.gms.permission.AD_ID,class
0,1,1,1,1,1,1,1,2,1,1,1,1,1,1,1,1,1,0
