,rem-float/2addr,rem-int/2addr,array-length,div-int/lit8,sub-float/2addr,move,if-eqz,and-int/lit8,and-int,int-to-long,filled-new-array,invoke-interface/range,mul-int/lit8,int-to-short,sparse-switch,return-wide,xor-int/lit8,const,sput-object,if-le,add-long/2addr,int-to-double,iget-byte,iget-boolean,mul-float,add-int/2addr,iput-byte,if-lt,invoke-direct/range,sub-long/2addr,neg-float,return,rem-int/lit8,sub-long,iput,const-string,iput-object,cmpg-float,if-nez,aput,ushr-int/lit8,move-result,div-long/2addr,sput,nop,or-int,new-array,sget-object,sput-byte,if-gt,fill-array-data-payload,const-wide/32,rsub-int,sub-double/2addr,return-object,if-ge,add-double/2addr,move-wide/from16,sput-char,if-gez,filled-new-array/range,long-to-double,invoke-super/range,aput-wide,const/4,instance-of,if-gtz,int-to-byte,double-to-long,iput-char,and-int/lit16,aput-object,iput-wide,move-wide,const-wide/high16,div-int,add-int/lit8,invoke-super,sub-double,and-long/2addr,rsub-int/lit8,and-long,const/16,cmpl-float,goto,mul-double,or-long/2addr,cmp-long,and-int/2addr,iput-boolean,add-long,if-eq,not-int,shr-long,iget-short,long-to-int,throw,div-double,ushr-int/2addr,sget-char,div-double/2addr,const-wide/16,div-int/2addr,sput-boolean,invoke-static/range,xor-long,move-object,sput-wide,sparse-switch-payload,return-void,float-to-double,ushr-long,invoke-static,long-to-float,double-to-float,aget-byte,div-int/lit16,add-float,iget,shl-int/2addr,sub-float,add-int/lit16,add-float/2addr,shl-long/2addr,aget-wide,packed-switch-payload,rem-int,move/from16,move-result-object,shr-long/2addr,or-long,not-long,move-result-wide,invoke-interface,aput-boolean,monitor-enter,aget-boolean,shl-long,rem-long/2addr,if-lez,invoke-direct,aget-char,const/high16,iget-wide,mul-long,rem-long,if-ltz,iput-short,or-int/lit8,sget,aput-short,sub-int/2addr,int-to-float,iget-char,aput-byte,sget-wide,const-class,aget-object,check-cast,aget,aput-char,sget-byte,goto/16,shr-int/2addr,ushr-int,div-long,cmpl-double,move-object/from16,if-ne,shr-int/lit8,xor-long/2addr,move-exception,sub-int,add-double,mul-int/lit16,sget-boolean,shr-int,neg-long,neg-double,invoke-virtual,xor-int/2addr,invoke-virtual/range,div-float/2addr,rem-double/2addr,or-int/lit16,xor-int/lit16,double-to-int,new-instance,packed-switch,mul-int,shl-int,or-int/2addr,float-to-int,rem-int/lit16,ushr-long/2addr,monitor-exit,div-float,shl-int/lit8,iget-object,int-to-char,cmpg-double,aget-short,fill-array-data,const-wide,add-int,neg-int,xor-int,float-to-long,class
0,5,31,3107,98,68,1839,17298,981,134,561,61,79,312,54,28,1119,107,538,3086,363,417,87,5,1439,171,1285,1,1693,815,121,13,9797,12,44,3195,25404,10840,63,8736,834,83,27146,16,57,140,8,2248,7508,2,393,261,128,6,21,21045,2962,115,165,4,694,7,21,6,180,31062,1970,185,199,12,18,299,2622,430,313,116,16,4790,632,21,238,14,49,5734,112,16681,127,43,601,530,1373,87,2722,35,64,5,260,6044,27,12,19,65,921,7,94,521,26,7425,41,28,18547,91,54,44418,9,55,397,5,8,5355,34,21,5,131,58,855,136,6,1051,47735,57,11,5,2947,18791,23,799,199,14,21,930,28175,267,612,795,237,7,891,1,59,1826,17,779,220,32,129,69,1230,1135,14733,928,48,2,1160,9,1,19,46,1159,3252,69,62,3004,165,19,8,176,3,25,4,57109,297,555,84,3,24,3,23,18119,136,154,32,351,129,3,14,1827,5,261,27467,43,54,204,261,197,165,74,24,5,1
