,android.permission.INTERNET,android.permission.READ_EXTERNAL_STORAGE,android.permission.USE_FINGERPRINT,android.permission.USE_BIOMETRIC,android.permission.BLUETOOTH,android.permission.BLUETOOTH_ADMIN,android.permission.BLUETOOTH_CONNECT,android.permission.BLUETOOTH_SCAN,android.permission.BLUETOOTH_ADVERTISE,android.permission.ACCESS_COARSE_LOCATION,android.permission.ACCESS_FINE_LOCATION,es.cecotec.s8090.permission.JPUSH_MESSAGE,android.permission.RECEIVE_USER_PRESENT,android.permission.READ_PHONE_STATE,android.permission.ACCESS_NETWORK_STATE,android.permission.ACCESS_WIFI_STATE,com.vivo.notification.permission.BADGE_ICON,android.permission.VIBRATE,android.permission.CHANGE_WIFI_STATE,android.permission.CHANGE_WIFI_MULTICAST_STATE,android.permission.CHANGE_NETWORK_STATE,android.permission.WAKE_LOCK,android.permission.READ_USER_DICTIONARY,com.google.android.c2dm.permission.RECEIVE,android.permission.WRITE_EXTERNAL_STORAGE,class
0,1,1,1,1,1,1,1,1,1,1,1,1,1,1,1,1,1,1,1,1,1,1,1,1,1,1
