,mul-float/2addr,rem-int/2addr,array-length,div-int/lit8,sub-float/2addr,move,if-eqz,and-int/lit8,and-int,int-to-long,filled-new-array,invoke-interface/range,mul-int/lit8,xor-long,sparse-switch,return-wide,xor-int/lit8,const,sput-object,if-le,add-long/2addr,float-to-double,iget-byte,iget-boolean,mul-float,iput-byte,if-lt,invoke-direct/range,sub-long/2addr,neg-float,return,neg-double,sub-long,iput,const-string,iput-object,float-to-int,if-nez,aput,ushr-int/lit8,move-result,div-long/2addr,sput,nop,or-int,new-array,sget-object,if-gt,fill-array-data-payload,const-wide/32,mul-long/2addr,rsub-int,sub-double/2addr,return-object,if-ge,add-double/2addr,move-wide/from16,if-gez,div-float/2addr,long-to-double,aput-wide,const/4,neg-int,instance-of,if-gtz,shl-long,double-to-long,iput-char,and-int/lit16,aput-object,iput-wide,move-wide,const-wide/high16,div-int,add-int/lit8,invoke-super,sub-double,and-long/2addr,rsub-int/lit8,const/16,cmpl-float,goto,and-long,mul-int/2addr,cmp-long,and-int/2addr,int-to-double,iput-boolean,add-long,if-eq,not-int,shr-long,long-to-int,throw,div-double,ushr-int/2addr,div-double/2addr,const-wide/16,aput-byte,sput-boolean,invoke-static/range,move-object,sput-wide,sparse-switch-payload,return-void,ushr-long,invoke-static,long-to-float,double-to-float,aget-byte,div-int/lit16,add-float,iget,shl-int/2addr,sub-float,add-int/lit16,add-float/2addr,shl-long/2addr,aget-wide,packed-switch-payload,rem-int,move/from16,sget-wide,move-result-object,shr-long/2addr,or-long,move-result-wide,invoke-interface,aput-boolean,monitor-enter,aget-boolean,rem-long/2addr,int-to-short,if-lez,invoke-direct,aget-char,const/high16,iget-wide,mul-long,if-ltz,or-int/lit8,sget,sub-int/2addr,int-to-float,iget-char,div-int/2addr,const-class,aget-object,check-cast,aget,goto/16,shr-int/2addr,div-long,cmpl-double,move-object/from16,if-ne,cmpg-double,xor-long/2addr,add-int/2addr,sub-int,add-double,mul-int/lit16,sget-boolean,neg-long,rem-int/lit8,invoke-virtual,xor-int/2addr,invoke-virtual/range,filled-new-array/range,mul-double/2addr,int-to-byte,shr-int/lit8,xor-int/lit16,double-to-int,new-instance,packed-switch,mul-int,shl-int,move-exception,cmpg-float,rem-int/lit16,monitor-exit,div-float,shl-int/lit8,iget-object,int-to-char,or-int/lit16,fill-array-data,const-wide,add-int,or-long/2addr,or-int/2addr,float-to-long,class
0,65,7,375,24,16,2218,8110,241,20,314,5,152,59,4,16,306,75,661,2773,158,180,47,8,1167,3,23,642,446,149,9,3555,2,66,2821,13179,5016,56,3826,375,13,10531,16,28,532,6,2190,4515,123,1160,72,33,3,1,6451,778,17,193,218,60,20,37,10899,36,550,88,1,5,4,113,1221,480,207,44,6,1305,330,1,77,15,2769,73,6779,2,16,554,103,29,1155,52,1185,8,5,71,1557,2,8,16,544,35,43,645,3403,2,16,9082,1,14089,4,15,142,7,7,3487,5,6,8,37,50,68,63,1,783,2,25002,1,2,1061,6529,13,302,17,1,6,462,12448,3,269,713,7,383,31,995,351,161,4,6,230,327,4174,233,1026,7,8,24,2214,1428,15,22,510,93,1,19,134,3,4,32894,84,612,4,20,31,28,7,23,7816,63,8,7,1257,29,1,682,15,61,17331,11,7,1160,158,47,34,75,3,1
